54 2 23 67 57 1 6 75 8 98
62 4 56 63 43 9 11 14 35 86
86 4 72 94 34 50 43 58 25 52
24 87 51 62 46 16 11 54 40 88
29 56 90 30 90 27 21 55 34 63
64 66 87 5 39 51 59 19 41 78
87 58 24 63 37 45 57 66 21 62
27 49 63 46 36 77 1 65 38 23
14 66 73 62 23 91 56 16 80 96
20 35 99 17 43 95 27 98 87 7
68 38 83 10 81 14 20 91 85 71
2 62 25 15 52 59 2 80 11 23
30 16 44 82 56 72 61 91 98 63
44 88 61 95 32 85 52 26 57 79
53 61 77 43 5 91 73 13 44 4
31 55 79 91 42 70 56 36 93 84
37 66 71 95 93 19 28 58 77 54
61 69 92 4 27 45 95 16 17 64
94 24 10 7 24 76 93 40 35 94
74 43 93 17 3 11 62 47 41 2
7 67 51 70 30 100 73 28 26 51
67 71 20 26 57 22 28 58 91 70
55 52 67 51 62 44 71 47 84 69
12 99 34 37 78 20 10 71 95 95
62 97 3 46 36 42 31 13 88 34
40 1 60 78 88 33 3 6 3 67
19 69 53 80 21 8 44 45 94 85
42 8 81 42 25 58 13 35 72 54
91 96 40 39 2 67 37 56 4 80
6 35 96 11 71 62 50 80 78 36
65 52 100 22 80 34 45 87 79 32
69 32 79 24 51 99 54 48 12 58
29 32 25 53 27 50 68 81 61 3
85 7 55 62 35 37 81 82 2 35
39 11 25 54 93 63 20 4 76 25
61 42 61 69 73 66 28 98 97 35
49 84 10 50 60 76 4 82 55 91
5 36 95 44 25 41 46 47 48 25
18 94 78 10 71 38 21 95 86 8
2 35 39 43 36 90 97 20 5 31
80 100 67 44 70 38 60 73 77 93
16 33 46 41 43 75 99 19 76 15
28 62 6 75 93 37 1 16 41 10
39 11 14 33 36 24 55 1 14 9
30 8 47 97 78 24 73 64 8 88
61 81 20 58 92 72 48 92 32 37
48 17 19 92 10 41 34 99 23 99
75 93 24 68 4 25 24 27 54 84
81 32 91 22 56 78 59 64 72 92
21 27 5 10 11 27 76 86 66 92
55 1 31 27 88 5 41 19 67 5
90 55 46 59 69 41 27 75 50 49
95 36 45 82 34 67 51 76 57 95
88 86 82 10 23 15 47 13 34 59
57 47 72 65 66 93 4 61 51 3
59 53 71 54 13 55 51 40 47 35
87 43 23 9 58 97 59 7 32 27
71 43 72 64 100 17 95 3 22 92
66 16 2 75 87 60 82 50 96 22
24 28 10 56 33 11 34 75 52 34
28 80 14 22 48 75 75 1 92 89
89 2 81 40 2 79 75 26 76 84
66 29 34 63 16 13 40 68 22 9
48 41 5 13 65 28 57 42 57 10
65 82 45 26 21 10 8 26 84 73
57 2 44 77 74 45 45 7 66 17
33 86 42 11 88 6 61 33 70 44
83 98 94 30 21 21 32 60 82 62
52 73 66 65 49 54 60 6 55 13
56 49 25 98 5 94 7 73 21 44
7 47 95 81 31 11 41 57 43 45
66 47 5 93 36 96 41 57 38 51
82 12 33 85 85 60 28 19 93 20
93 60 41 28 23 73 43 22 43 59
71 85 75 74 22 21 12 89 59 50
71 19 89 76 22 5 21 98 2 68
39 34 15 98 89 39 65 83 18 48
96 3 23 20 97 14 18 50 38 5
39 82 49 41 77 63 53 20 45 94
22 16 53 50 83 66 78 46 95 6
47 95 25 68 47 87 39 94 94 81
96 4 87 89 85 24 52 54 51 12
58 10 7 63 44 88 82 29 32 45
42 94 21 77 89 77 69 61 49 46
34 87 88 75 64 69 76 100 41 46
59 84 21 11 73 21 57 10 3 45
32 27 45 25 29 72 30 65 64 17
15 97 4 12 62 75 92 2 29 61
46 94 29 78 83 65 15 81 62 65
33 14 48 37 88 42 88 43 15 11
15 8 3 73 96 32 13 89 13 100
34 13 60 42 8 58 57 73 17 17
98 100 48 68 38 47 98 12 86 64
79 47 8 18 10 79 40 37 29 69
88 56 93 9 95 15 40 39 43 55
38 90 78 33 30 55 75 9 43 77
80 18 11 1 82 8 69 69 36 56
89 39 53 25 11 4 45 52 9 99
30 40 34 4 85 55 45 15 48 63
3 89 10 9 26 98 46 43 36 29
65 93 15 49 86 29 40 33 71 80
12 64 2 75 19 71 40 47 64 96
49 35 73 73 27 27 34 56 49 48
20 45 73 23 54 37 21 92 89 24
95 12 63 88 59 7 49 86 1 63
56 33 19 19 10 95 59 30 4 35
5 10 36 83 59 19 32 21 1 61
5 53 85 41 98 8 70 23 45 88
74 8 68 9 55 75 36 47 19 29
92 52 27 15 53 91 19 98 15 75
47 20 68 80 47 1 42 17 56 42
22 27 42 83 72 86 68 32 72 67
63 24 57 24 10 45 38 70 27 61
72 99 90 48 1 62 22 53 82 64
82 5 98 78 63 63 41 16 57 45
31 8 50 84 28 11 68 50 22 4
56 32 19 96 15 23 60 1 80 40
67 55 41 29 76 67 98 75 79 51
29 77 13 87 36 56 34 36 4 73
34 88 13 79 54 47 96 66 21 59
66 47 3 9 55 94 64 58 70 8
18 37 72 31 63 39 61 24 11 43
86 88 63 7 14 13 14 7 12 27
99 54 50 28 64 72 71 22 32 88
73 96 83 65 62 44 73 81 76 31
27 11 6 49 80 36 29 47 74 46
47 33 87 40 23 56 67 51 55 39
9 78 96 77 54 74 32 91 13 100
35 99 30 53 23 91 33 38 42 46
88 97 71 81 23 8 98 67 25 60
72 82 66 66 46 5 53 85 21 58
27 57 99 26 12 74 33 22 46 75
50 23 4 43 30 84 70 91 8 26
12 98 58 18 71 88 28 95 80 67
11 93 8 27 56 89 2 61 66 3
49 67 41 13 74 78 26 29 65 33
44 99 16 96 87 5 32 16 50 75
3 19 97 52 78 45 93 28 1 15
8 18 23 38 55 99 84 91 4 8
60 63 41 26 99 31 48 64 32 26
20 8 95 70 79 32 98 35 68 99
4 23 41 26 87 85 3 69 95 97
66 37 10 61 78 54 97 8 99 68
26 94 12 85 29 17 37 11 96 92
82 69 86 50 8 99 82 49 73 99
49 87 84 34 98 7 17 44 15 40
24 46 79 54 16 93 52 65 26 25
75 48 18 100 16 38 69 23 70 100
29 89 68 67 23 19 72 32 18 64
71 72 64 58 58 78 19 23 55 31
92 54 95 55 16 7 32 3 53 73
98 93 69 3 1 7 93 76 36 95
64 78 57 99 46 97 25 34 38 88
69 11 46 93 97 68 38 45 65 25
7 57 34 99 27 43 39 88 14 61
42 10 14 47 60 28 21 84 68 17
100 85 2 35 16 18 8 69 85 3
36 41 56 5 54 27 58 68 81 65
62 32 29 21 17 51 95 15 62 86
93 91 2 20 63 93 93 64 18 83
100 21 76 41 34 51 71 8 20 42
27 6 38 59 26 83 12 17 94 3
57 48 99 93 15 81 83 20 84 37
50 76 42 6 23 66 23 90 66 83
61 47 80 29 19 30 53 93 9 7
9 63 67 73 42 9 33 26 87 43
32 50 84 85 15 67 31 87 48 4
14 52 63 19 57 40 25 13 2 76
95 61 87 25 35 2 74 32 64 10
53 13 77 80 90 39 3 58 61 69
23 80 42 20 90 38 87 23 94 29
18 58 95 95 95 19 29 61 41 63
39 57 93 95 22 76 76 28 19 9
47 39 36 72 56 17 36 9 81 27
61 21 35 1 91 85 9 59 97 80
53 40 6 15 62 69 24 17 19 20
94 14 4 91 52 17 90 60 25 3
3 15 100 23 43 50 4 25 83 12
28 95 24 92 19 96 55 5 98 36
6 24 58 67 89 9 13 28 11 96
79 52 83 6 47 45 84 19 12 48
46 56 68 65 57 53 91 13 2 2
77 91 56 41 49 79 58 13 60 20
10 26 2 7 97 88 89 50 52 46
93 65 20 38 16 29 1 9 13 46
73 92 88 93 7 37 6 17 31 25
67 79 14 3 96 48 64 53 36 47
49 5 96 99 33 9 42 95 71 4
80 90 87 41 24 73 16 84 19 54
50 26 87 1 51 89 80 82 75 74
34 53 95 33 12 12 42 32 8 52
19 28 70 15 33 81 2 100 96 71
68 70 36 39 61 96 29 80 51 45
20 90 53 51 94 26 1 66 68 40
49 20 32 71 7 11 63 24 66 29
95 70 12 49 38 87 63 92 67 33
37 44 61 5 52 32 84 6 12 25
63 36 7 30 71 90 10 43 50 36
60 51 21 49 84 80 83 14 23 91
68 18 49 49 22 4 53 75 35 25
57 75 89 3 1 32 60 49 4 100
36 33 26 84 63 53 37 97 84 37
21 31 43 16 58 1 92 28 73 12
96 48 46 28 4 93 99 47 66 15
29 51 20 21 73 15 49 1 50 67
25 1 95 68 78 32 12 46 90 71
67 76 30 92 69 36 89 40 83 83
38 81 45 100 34 16 79 13 23 36
18 36 17 26 56 100 33 78 94 48
88 64 94 94 41 75 86 61 57 35
53 73 64 83 53 21 78 1 39 84
1 78 99 29 82 91 31 70 75 50
61 9 28 68 22 21 6 75 55 47
94 7 27 10 92 5 5 47 64 81
27 93 4 2 28 55 86 95 17 10
8 72 64 10 56 57 8 29 27 60
24 5 45 21 56 100 73 45 74 2
39 57 4 34 41 47 54 13 38 58
91 50 58 95 49 63 67 96 50 70
39 35 7 65 87 65 55 89 78 87
25 26 46 95 91 80 96 69 29 43
81 76 62 55 97 97 93 82 75 5
89 34 19 65 71 10 9 20 14 5
81 62 55 83 18 69 67 20 84 20
44 74 84 94 30 60 96 84 53 48
68 68 97 67 37 74 51 6 58 97
66 40 70 6 82 72 1 16 96 83
30 50 57 18 35 66 69 34 69 38
76 57 36 14 41 4 34 18 79 35
82 54 47 69 64 17 72 25 25 34
79 89 76 41 40 45 12 12 36 29
83 94 34 21 36 44 57 38 78 74
29 58 13 41 75 97 1 2 10 35
41 46 64 55 4 55 1 81 50 71
25 70 6 88 44 96 5 16 91 33
90 34 65 19 82 45 47 33 3 82
2 11 86 14 77 71 7 25 43 88
36 62 56 50 92 28 94 71 44 18
55 74 86 85 75 73 32 56 35 22
82 31 96 53 67 96 50 67 98 21
100 16 28 98 10 33 68 22 11 47
63 99 70 42 51 56 41 73 48 13
98 33 2 36 66 4 79 12 83 56
80 85 38 51 52 28 16 39 27 3
23 11 7 80 28 67 47 4 71 46
17 64 25 28 47 4 19 100 3 12
86 32 28 29 81 44 89 27 22 93
11 24 91 83 15 99 32 13 77 32
89 23 46 8 23 64 14 6 81 80
61 30 48 56 89 60 11 96 84 44
89 38 91 65 43 37 51 86 10 27
25 8 15 67 8 91 3 52 28 68
66 78 49 38 97 49 91 23 99 75
88 92 14 61 23 62 11 26 24 94
39 45 99 18 64 82 7 31 38 27
5 25 76 68 32 89 29 47 63 99
87 10 48 9 16 97 4 42 85 35
21 1 98 41 93 53 43 70 93 62
13 100 72 54 97 3 76 78 38 47
5 60 70 3 62 87 32 34 5 52
79 85 59 9 3 91 5 16 58 82
77 12 13 81 16 58 42 62 9 49
7 23 37 46 32 67 29 48 99 8
71 8 51 73 3 76 53 95 15 12
25 87 82 42 28 44 49 61 20 42
60 34 92 34 98 40 14 88 82 92
25 31 42 48 83 15 34 38 80 47
6 61 42 40 28 90 89 100 34 72
52 76 62 94 35 53 66 92 91 56
88 28 68 50 18 64 37 31 70 18
81 46 81 66 61 62 96 28 21 90
51 90 76 6 63 16 90 13 6 90
81 69 37 36 99 56 80 87 44 37
88 5 22 28 39 93 89 31 79 66
41 28 7 23 51 21 8 25 69 33
75 84 95 57 89 62 73 10 94 1
38 25 59 39 32 77 22 52 100 93
79 18 82 90 27 80 12 46 11 84
81 54 4 6 81 58 91 18 54 89
59 59 72 1 86 35 28 44 55 42
51 36 55 8 56 100 68 99 31 4
37 85 49 64 40 31 100 73 4 56
72 13 84 16 38 4 77 55 27 51
75 38 54 51 92 30 75 91 93 98
10 77 94 22 23 43 48 87 74 94
3 24 18 92 4 16 98 81 19 44
19 2 22 83 50 15 77 6 43 92
7 39 68 66 28 97 97 95 47 25
84 40 97 53 19 88 65 8 31 77
5 54 65 12 20 79 53 38 99 51
23 44 82 89 51 76 96 26 33 99
88 44 5 79 67 86 88 53 65 58
17 67 97 74 62 51 74 54 79 5
25 58 87 58 20 26 95 92 71 30
53 90 43 44 95 53 32 57 71 35
49 69 56 71 38 32 52 35 9 12
10 38 73 89 52 30 44 1 46 13
10 72 40 52 61 13 11 28 77 41
22 34 43 96 24 5 3 21 87 18
14 48 12 29 52 48 58 34 88 95
45 62 88 99 40 56 66 63 71 83
59 77 86 23 1 35 62 45 78 90
89 64 64 72 50 11 83 81 7 95
71 66 71 72 11 9 98 70 6 62
13 46 91 91 82 35 36 96 25 51
68 71 55 95 100 70 7 100 35 10
44 100 87 68 27 51 9 3 5 51
66 49 11 50 90 35 100 35 44 8
36 72 62 38 55 24 4 30 38 60
92 15 46 14 99 76 6 26 90 47
93 76 55 24 100 51 49 41 6 66
35 33 82 19 96 96 38 69 84 7
33 39 59 44 24 35 77 91 37 33
82 48 79 55 18 3 45 87 2 47
30 80 44 53 12 58 18 81 13 61
100 80 5 95 91 34 45 90 89 99
17 59 39 71 11 78 7 36 84 83
56 71 33 15 42 71 68 66 59 35
36 86 20 10 78 68 46 100 12 7
3 5 75 48 26 94 30 4 63 33
81 20 90 46 13 92 87 77 61 36
9 50 85 66 72 80 51 14 66 78
86 27 47 45 34 82 87 41 21 27
31 10 98 12 54 62 61 19 62 74
64 57 75 21 41 84 80 54 24 90
85 46 89 32 51 80 41 47 27 60
73 26 100 7 16 60 40 5 15 46
20 6 44 27 18 54 16 26 96 36
32 85 14 56 31 63 15 90 78 65
62 17 77 86 31 71 68 60 59 45
24 33 100 17 67 51 82 91 68 25
47 1 15 39 20 86 74 93 89 65
12 21 93 84 53 89 98 33 1 28
70 53 54 82 84 11 46 44 66 5
21 4 97 40 63 47 46 98 43 100
99 59 75 52 70 29 63 30 44 35
25 60 21 12 16 88 49 34 56 33
31 92 81 84 94 43 67 57 16 86
29 100 22 32 82 27 86 72 89 38
48 82 11 45 40 67 9 65 55 50
36 92 87 35 47 68 32 3 41 94
86 61 1 15 49 80 70 8 87 52
38 34 94 82 5 32 8 85 66 46
77 96 85 85 31 58 94 97 29 49
96 31 53 8 70 3 10 73 81 39
35 85 60 90 13 75 18 16 33 40
95 62 57 18 1 75 90 29 49 69
44 56 84 99 33 17 84 17 4 65
40 10 36 86 82 65 89 16 49 75
31 65 3 28 45 41 70 100 1 100
25 33 21 42 81 95 62 22 85 78
2 57 76 72 100 88 52 86 65 16
86 27 64 87 44 75 88 73 21 90
51 72 25 3 74 64 61 49 38 23
9 41 53 38 49 71 49 28 53 92
43 48 33 37 72 98 73 98 29 17
92 44 80 48 41 36 23 91 76 10
45 25 28 60 44 83 47 89 94 55
81 7 36 3 10 27 56 30 77 86
81 81 8 88 33 33 90 59 26 27
40 83 53 9 57 66 5 48 83 73
45 74 16 80 74 32 88 13 78 67
29 9 49 34 31 25 4 33 93 72
73 68 1 25 99 52 38 43 26 44
89 35 25 37 16 1 43 73 55 21
70 14 30 41 86 71 57 9 44 69
66 40 30 12 61 45 93 69 79 5
95 1 31 26 57 19 81 19 100 1
39 87 89 53 38 7 99 26 30 62
43 17 68 76 42 40 40 41 77 54
99 53 7 75 85 73 36 2 78 80
3 48 67 93 13 13 39 90 51 93
40 1 67 4 71 59 8 97 66 39
36 9 87 30 78 80 60 50 62 45
41 86 77 44 29 26 54 69 82 12
1 70 9 46 78 68 27 47 20 67
26 12 12 100 41 45 91 8 30 27
43 41 45 21 58 24 15 32 81 77
96 28 97 48 53 25 1 28 99 85
86 98 5 72 95 63 55 42 75 87
61 14 2 5 33 9 65 65 96 99
49 10 63 58 90 17 44 76 6 46
24 51 68 34 58 9 32 15 16 60
33 28 28 83 85 57 8 12 6 64
68 51 20 56 76 21 65 13 68 71
89 31 84 40 74 52 71 40 77 21
38 52 100 62 69 71 5 72 67 54
32 60 3 22 69 14 79 13 77 77
59 75 32 46 11 84 42 39 95 84
89 20 64 53 99 16 85 21 64 15
78 42 47 3 70 74 74 50 28 3
12 82 19 17 10 60 5 42 69 95
36 52 32 92 29 42 90 59 65 93
34 53 5 50 14 24 79 99 16 31
95 41 4 70 85 55 87 60 67 20
88 74 80 80 85 47 18 3 28 26
60 13 41 66 67 6 65 60 90 73
59 27 10 4 36 25 68 45 42 99
46 51 11 7 42 44 67 71 23 94
65 42 86 5 8 57 38 51 28 53
7 95 21 43 79 82 16 60 95 46
38 41 79 83 86 97 72 29 76 26
4 84 7 39 13 7 20 65 4 50
35 97 66 29 71 82 28 13 49 71
33 78 10 61 82 65 94 48 29 68
45 17 73 55 99 60 71 11 39 89
60 53 72 75 64 47 30 66 56 70
88 15 75 8 11 26 42 93 68 37
96 70 40 81 65 69 51 41 34 87
61 29 45 38 49 76 70 10 96 5
43 39 61 35 77 60 21 31 31 40
24 63 61 76 57 93 14 98 62 68
11 54 63 96 73 42 16 49 67 85
83 24 99 80 67 34 13 86 94 40
53 70 98 48 8 74 66 29 78 42
61 26 71 67 81 26 32 33 85 9
46 70 53 52 25 4 11 15 90 47
21 72 4 38 80 61 41 98 25 39
96 4 77 53 79 43 64 5 37 8
2 19 4 59 56 7 17 89 94 97
68 89 78 5 24 62 23 50 32 98
9 84 68 77 28 26 70 86 21 71
92 16 42 55 56 99 81 42 28 63
32 14 40 37 69 88 86 73 86 24
68 21 90 47 23 16 1 7 1 11
4 46 78 40 25 50 1 67 85 6
74 25 39 51 78 97 97 45 76 61
73 27 97 14 3 94 14 84 80 34
18 15 74 2 41 88 71 21 23 81
65 97 4 10 66 29 28 16 54 52
73 55 61 96 26 54 87 73 64 22
82 34 5 95 75 34 96 6 99 40
75 3 94 50 34 20 17 51 52 62
40 44 54 25 35 2 66 62 38 61
38 67 44 37 27 33 14 59 88 36
40 22 74 35 53 71 72 62 97 74
50 64 52 15 47 71 83 21 42 1
82 76 21 77 51 80 31 66 59 97
52 80 51 48 2 54 10 32 82 73
56 68 84 40 80 10 96 69 5 5
71 52 11 6 3 55 9 49 60 48
3 48 38 15 37 27 63 6 72 91
94 73 35 44 76 10 77 84 66 37
49 67 16 93 9 75 86 17 22 33
21 59 19 83 40 5 66 27 34 26
90 72 36 72 27 65 12 99 49 54
92 96 61 46 32 45 36 43 97 96
20 42 37 7 94 17 23 92 72 6
46 51 6 6 18 49 55 84 19 12
51 59 27 23 88 87 98 74 5 39
47 98 52 72 84 46 29 44 81 88
29 78 39 32 49 80 92 57 23 34
89 25 88 22 16 48 12 60 51 19
24 2 99 53 97 39 68 100 75 90
31 78 15 22 87 9 6 58 79 94
62 28 18 70 36 62 99 52 34 1
95 6 16 32 78 98 77 27 49 83
86 95 25 87 59 42 16 85 8 74
96 19 6 17 49 55 53 29 73 99
95 12 36 55 84 87 88 42 56 18
54 4 7 50 2 64 2 2 23 27
6 71 70 34 84 55 88 42 41 21
87 30 10 99 20 50 91 22 39 12
66 72 48 88 50 14 88 14 75 81
41 74 71 15 12 13 12 25 69 14
12 71 60 9 30 49 37 68 55 95
76 17 77 61 28 26 74 16 53 11
10 40 92 29 77 62 89 36 86 65
36 79 29 88 17 56 94 8 15 56
11 29 25 73 67 43 88 92 78 45
15 71 6 53 64 20 59 70 64 10
64 79 78 42 59 28 54 17 10 8
5 71 52 17 24 54 58 22 31 78
60 53 80 6 85 54 43 50 41 19
22 44 3 37 4 66 67 82 93 37
49 38 80 62 11 18 74 42 59 87
45 58 56 14 29 99 22 8 33 40
88 68 18 54 6 14 78 20 47 88
97 35 97 79 11 67 8 31 30 61
39 40 33 15 61 26 98 53 86 71
36 3 54 28 66 15 37 25 24 70
99 31 81 79 59 70 54 40 79 53
42 24 45 44 7 31 62 60 28 67
45 31 75 66 86 61 37 5 89 75
72 31 29 46 46 94 69 37 67 49
70 99 31 44 61 85 58 11 3 7
3 34 72 28 17 97 9 48 68 24
65 70 10 6 19 40 64 44 89 68
43 81 8 98 5 75 42 67 26 84
66 89 54 5 38 65 16 32 99 95
31 16 55 50 66 39 62 41 74 98
43 38 49 13 12 54 56 87 64 43
89 31 46 73 69 31 42 87 28 75
74 2 56 7 11 38 5 65 7 50
38 34 65 55 79 57 70 35 49 43
4 34 17 63 64 78 39 22 54 47
54 80 23 48 50 52 58 72 86 11
26 40 77 99 100 56 11 14 64 10
73 10 18 42 80 29 47 38 96 6
64 71 8 24 89 33 89 81 60 79
41 55 19 100 97 90 26 47 62 79
2 86 23 58 31 84 74 32 40 55
71 80 93 80 43 64 16 59 45 42
6 53 48 49 16 8 98 56 82 75
80 19 10 29 9 84 86 90 61 75
17 55 5 73 77 59 50 80 42 15
43 40 86 26 33 28 43 33 93 72
44 55 27 3 50 60 96 30 46 6
48 55 92 38 52 72 64 46 23 75
63 39 50 77 98 55 89 25 59 56
44 66 40 74 40 100 30 30 6 17
61 86 79 33 89 24 22 91 65 19
95 97 38 17 88 70 6 15 69 41
45 70 50 79 88 40 88 45 72 46
67 18 65 95 54 74 2 84 56 98
1 25 84 79 32 18 1 15 67 86
28 74 24 85 17 75 50 61 56 78
64 22 72 28 81 9 1 23 29 74
26 46 19 96 54 46 82 92 57 80
28 36 47 88 16 97 88 84 40 61
1 34 55 97 8 88 52 29 9 41
63 74 28 2 42 21 31 71 99 31
29 55 29 91 67 29 30 78 63 94
74 41 19 19 6 97 48 92 47 20
54 17 81 24 53 100 91 80 37 74
49 49 58 43 50 48 95 12 85 88
66 14 96 40 4 27 40 37 10 18
26 22 51 55 23 21 53 22 43 30
23 90 93 45 30 59 9 1 11 72
66 43 71 6 84 74 53 65 15 19
91 95 64 63 94 11 72 33 44 63
65 82 34 51 53 82 49 89 49 1
28 50 16 86 80 56 94 38 80 41
46 91 53 98 10 67 49 90 95 67
22 15 99 63 92 51 26 43 95 42
85 8 16 100 99 11 82 9 90 42
2 75 39 7 99 30 36 56 32 59
30 16 91 14 69 2 52 57 2 87
57 100 30 73 36 73 19 36 64 61
20 14 96 4 51 65 13 73 7 63
23 43 16 17 42 100 7 16 88 51
56 68 57 18 13 20 78 52 8 45
72 26 98 56 37 65 44 72 7 9
37 94 48 33 62 93 90 5 77 44
59 36 82 22 52 41 32 83 54 38
45 14 82 1 97 11 19 74 76 77
23 41 28 78 48 18 3 59 96 89
62 56 100 59 88 28 8 93 100 80
62 56 29 40 98 43 17 48 13 39
97 86 49 65 45 40 35 80 61 14
80 26 75 75 4 31 92 5 69 50
48 93 37 78 21 54 45 29 48 43
45 10 56 4 34 61 27 72 4 57
88 48 9 85 87 28 21 40 31 44
20 78 5 64 27 80 55 8 94 85
15 31 9 71 68 15 86 12 50 97
57 39 58 5 19 49 43 53 54 49
37 50 30 66 64 37 94 63 10 96
11 24 2 5 32 60 25 6 57 75
83 1 62 32 41 94 75 25 26 18
32 2 56 59 21 24 67 82 56 25
62 98 98 61 44 2 27 91 48 69
62 5 94 18 77 87 9 64 17 70
64 60 67 80 27 74 21 52 38 91
82 28 18 1 43 86 88 26 18 81
88 17 41 89 59 67 5 99 31 35
4 42 17 50 4 91 53 33 34 65
56 80 50 50 34 99 76 8 50 88
24 40 30 65 94 62 4 31 31 86
39 29 38 60 90 62 20 15 97 28
80 3 87 79 6 82 47 34 20 23
9 100 72 86 7 20 77 18 38 79
28 88 85 51 41 19 91 1 79 56
99 42 25 23 59 95 39 44 59 93
38 92 80 51 65 11 17 47 41 87
63 1 78 63 37 99 65 41 6 17
84 89 91 84 13 30 23 80 33 6
89 50 78 61 13 70 51 59 46 66
76 44 5 62 80 69 9 96 51 64
9 77 30 18 36 98 80 38 8 32
6 99 45 12 56 72 6 96 82 46
25 71 36 48 87 4 63 39 82 71
31 71 63 88 24 99 62 17 68 99
4 5 68 80 32 96 9 30 88 69
58 77 86 100 100 25 47 16 97 34
43 68 74 81 5 93 49 60 15 99
15 50 90 46 91 92 27 18 76 30
96 14 97 70 23 26 32 96 20 85
90 28 4 46 40 40 51 68 69 89
36 41 42 14 29 84 54 87 53 28
65 24 79 35 8 77 10 2 97 84
41 70 7 29 72 68 65 83 81 30
48 70 6 27 72 52 39 3 77 19
1 44 1 92 47 9 8 92 22 39
69 50 77 6 51 91 1 78 16 43
78 94 79 81 91 13 82 4 68 57
81 42 49 65 77 86 93 55 14 30
87 17 25 37 11 9 97 60 88 31
44 19 6 11 18 54 49 29 49 59
92 96 68 13 21 72 76 96 99 2
79 39 78 95 46 100 86 66 49 82
25 27 5 57 28 14 82 61 64 14
98 70 21 26 75 82 52 33 96 53
10 94 85 22 80 8 100 28 91 99
87 21 41 55 29 80 56 44 8 25
53 85 77 6 69 89 78 22 7 95
7 29 100 93 50 69 88 98 1 5
69 87 49 24 41 23 16 14 54 52
20 59 5 66 85 27 3 78 96 60
79 68 60 37 81 4 47 78 88 59
47 88 38 66 86 1 85 67 48 88
44 41 25 97 18 58 97 51 8 26
30 51 48 54 88 86 81 5 42 63
64 53 21 62 72 23 48 80 70 5
100 41 58 55 64 40 8 58 15 62
54 39 3 86 20 34 88 100 45 84
62 53 83 100 13 27 52 62 90 15
14 79 77 34 60 99 11 97 49 31
37 2 35 31 60 74 17 45 96 82
24 98 39 39 3 44 62 55 84 27
56 29 59 91 28 16 61 72 66 8
3 52 83 41 24 42 19 73 22 49
51 80 18 35 88 85 1 66 71 2
99 59 32 16 33 77 88 57 38 55
60 35 74 52 5 6 55 7 33 17
30 9 92 14 56 1 65 68 21 13
46 84 50 31 8 2 59 35 79 40
87 94 85 54 46 99 69 6 47 26
79 91 96 56 29 74 32 94 67 80
75 53 42 35 55 44 98 12 24 14
76 37 14 59 71 50 42 46 62 70
5 54 83 27 64 12 48 93 6 52
5 10 86 55 81 18 6 58 29 69
99 74 63 36 7 22 19 90 21 21
2 60 76 78 13 71 89 52 19 19
44 20 23 46 68 64 35 18 4 47
60 38 29 92 36 55 40 40 25 71
70 26 63 20 86 18 54 62 93 56
75 88 9 14 58 23 83 70 60 100
73 33 93 67 48 41 14 4 94 6
31 71 84 60 96 17 49 82 51 30
97 23 8 45 16 42 80 89 34 2
31 51 66 18 75 41 55 83 87 17
7 68 74 65 33 37 67 100 9 9
23 15 17 86 22 18 25 25 28 95
17 21 1 29 83 6 59 1 17 64
51 54 67 25 45 5 64 73 36 88
8 18 84 60 24 51 2 61 30 40
11 87 49 66 76 77 10 2 62 12
82 47 26 89 46 28 4 3 85 74
30 83 95 1 42 54 96 29 100 10
88 52 78 80 54 73 80 40 7 1
95 33 40 85 74 33 56 28 76 49
84 48 96 91 5 99 64 72 3 31
55 95 38 59 80 43 44 58 90 92
64 89 21 5 60 3 62 71 27 90
61 68 39 7 77 10 20 90 87 1
52 3 90 19 46 23 6 38 19 52
90 39 68 63 44 71 73 29 80 64
72 70 60 40 13 36 27 25 42 25
3 74 31 52 11 20 93 97 7 74
82 59 11 48 59 72 61 35 38 27
57 37 40 10 72 43 68 35 95 90
98 81 76 54 69 90 7 59 69 67
16 75 80 60 80 21 75 38 100 32
95 58 8 13 45 85 43 92 10 69
71 3 60 21 3 30 95 78 52 67
87 71 29 99 73 27 6 91 23 25
91 74 37 29 69 23 52 23 72 99
78 46 92 19 25 93 76 12 18 9
78 59 42 58 80 19 67 91 25 6
21 54 52 36 81 17 99 52 24 98
96 63 26 48 17 52 77 54 39 18
75 100 10 9 19 43 20 99 2 68
50 62 89 20 52 61 63 9 53 47
30 87 18 1 6 58 13 60 12 77
58 87 7 5 54 74 11 55 37 69
77 54 81 73 76 29 56 48 7 75
70 87 95 58 12 52 4 29 3 29
9 50 7 53 40 55 20 17 67 98
89 4 66 32 5 3 43 67 40 26
30 5 57 97 28 19 69 95 73 57
91 29 16 94 20 71 40 15 10 79
9 38 68 88 40 63 56 2 95 82
94 61 14 40 60 97 24 68 77 35
22 71 42 39 20 31 83 66 70 26
79 8 35 75 70 81 7 8 55 53
50 51 54 65 11 79 79 93 43 3
66 42 35 68 26 51 5 53 80 24
19 44 23 32 62 64 3 48 50 41
17 88 45 82 99 65 29 45 63 85
76 90 18 41 80 58 59 2 36 40
67 21 42 88 89 73 72 88 52 66
9 43 10 96 9 58 19 57 45 35
22 91 81 90 98 58 77 72 5 71
39 60 50 16 53 10 76 41 83 97
75 57 11 27 40 21 19 57 58 69
38 97 29 5 20 79 100 24 83 60
40 40 55 42 2 87 95 49 29 41
5 4 84 96 28 65 26 35 89 20
51 22 95 29 100 13 98 27 91 15
17 59 99 23 45 30 45 85 83 31
80 73 56 53 43 97 1 56 5 1
3 82 71 16 76 60 93 43 67 1
60 77 75 50 67 29 15 14 93 4
56 64 60 3 16 32 18 3 95 43
40 47 67 74 19 51 68 22 79 46
92 9 56 52 20 98 79 47 17 64
35 13 31 2 96 4 4 70 68 92
12 76 48 10 85 63 86 18 84 44
63 39 59 60 42 60 25 2 78 22
13 15 11 29 7 64 14 35 45 91
91 41 14 21 38 28 17 67 4 2
67 43 65 97 29 33 71 43 55 75
11 8 82 78 11 71 76 11 52 1
9 44 45 50 91 100 27 72 8 81
53 91 85 81 72 8 32 92 49 41
37 11 30 35 68 62 2 53 25 5
74 98 6 53 27 92 61 52 4 100
44 67 31 92 24 61 96 78 65 3
12 38 20 53 32 5 61 4 28 44
88 53 77 90 25 95 68 92 55 38
28 30 8 67 28 37 89 1 7 62
35 33 7 45 92 80 34 6 4 88
53 11 79 31 100 41 96 100 71 51
36 80 43 86 33 81 58 61 22 32
56 24 2 86 10 69 91 100 69 98
47 74 31 12 87 22 9 63 26 10
32 39 90 20 65 31 31 89 35 44
43 64 60 33 57 75 56 54 94 36
68 80 100 71 37 60 26 21 85 72
46 32 51 41 93 62 32 21 54 16
51 67 98 41 10 15 67 36 100 42
94 4 51 87 92 95 36 15 55 75
52 1 92 44 99 62 50 79 90 29
19 97 66 99 91 76 44 37 23 71
87 1 89 39 27 42 56 31 68 67
2 98 46 76 88 39 34 15 73 15
71 88 100 38 21 62 14 89 85 5
70 19 11 9 77 25 50 91 75 50
15 70 43 32 43 32 15 39 89 19
57 96 87 79 39 12 82 98 2 48
83 2 59 34 12 47 17 36 5 28
28 61 47 8 18 97 62 62 82 21
82 94 80 94 64 70 63 66 45 1
72 73 97 6 75 27 66 85 90 44
73 65 32 18 88 52 86 12 49 12
57 88 29 2 1 51 37 87 56 67
8 55 78 72 14 20 78 46 51 44
57 42 31 41 38 24 47 98 93 38
68 92 47 73 62 77 87 30 29 15
8 29 83 32 45 67 59 81 38 81
34 6 37 15 30 40 1 86 92 88
45 68 46 35 9 37 94 96 59 55
67 40 42 100 99 53 30 100 85 90
50 55 69 100 14 42 17 58 32 51
14 25 6 42 5 38 97 71 33 73
3 20 21 40 67 26 82 15 74 80
33 20 94 83 3 46 15 44 73 58
64 49 38 57 7 26 32 98 71 38
6 71 50 65 22 90 87 8 51 21
32 55 23 29 32 84 85 47 81 71
33 14 40 35 87 44 24 46 2 9
44 13 32 53 90 17 32 44 29 7
93 90 60 57 86 27 2 69 50 75
66 87 83 79 51 93 21 32 27 31
78 94 54 77 28 46 1 35 78 45
98 83 68 58 99 37 91 27 71 87
44 13 57 34 35 76 86 24 30 88
34 25 89 66 10 52 62 23 50 41
20 15 56 34 94 65 35 100 4 15
29 94 2 50 94 78 3 15 100 60
71 76 92 12 74 5 31 73 1 18
100 15 79 58 44 72 83 75 58 95
72 65 48 73 44 15 24 1 45 84
63 36 62 61 92 59 49 41 21 9
67 34 87 73 93 29 41 63 99 24
64 67 72 28 80 86 47 18 50 74
11 79 55 82 22 68 36 82 89 44
5 44 15 2 13 94 83 57 21 45
82 58 34 33 19 5 44 10 37 56
86 12 81 23 18 57 39 14 6 41
80 39 97 73 48 30 71 39 41 6
21 76 11 61 36 24 59 7 97 49
71 22 65 77 34 50 15 89 80 61
81 19 13 4 2 40 33 16 8 56
20 26 43 45 93 27 39 26 98 67
41 47 33 83 67 13 77 87 34 1
3 86 78 98 6 29 46 58 30 53
100 94 14 21 17 17 79 49 90 33
39 56 36 66 56 96 36 12 14 79
1 38 12 39 75 86 31 66 6 52
31 34 92 91 27 11 45 34 44 87
66 93 1 58 69 7 86 50 31 60
31 11 86 44 19 31 88 93 50 98
23 16 62 7 84 46 47 26 84 24
3 44 79 85 87 65 84 76 74 51
19 10 99 9 74 65 40 74 72 83
68 54 66 73 33 16 46 3 23 92
76 29 75 32 71 13 3 64 92 58
56 77 48 13 38 34 93 27 35 57
35 40 17 7 5 58 50 45 64 80
37 67 99 74 19 61 80 91 27 71
5 21 94 92 77 2 3 80 13 18
40 53 49 89 83 77 85 18 11 49
32 17 26 96 34 80 89 75 30 95
100 93 51 95 6 96 1 40 6 53
59 61 17 33 6 25 4 32 15 33
62 32 17 8 30 74 99 48 35 36
24 76 88 50 33 74 55 97 61 96
3 12 83 99 66 100 73 26 15 18
98 6 8 71 63 29 2 91 63 29
48 24 65 61 58 33 87 95 45 50
41 49 15 36 8 34 50 89 84 43
11 81 27 51 79 71 28 17 87 99
17 66 2 12 10 52 54 83 82 29
38 35 69 77 43 84 89 78 5 36
38 80 38 14 93 64 49 26 1 61
8 60 27 88 60 56 52 22 15 25
34 80 7 53 95 46 8 78 19 2
47 33 87 13 50 48 4 28 32 63
80 13 53 93 19 25 42 50 6 8
87 89 30 24 53 3 6 49 97 93
66 8 10 75 39 44 1 92 97 98
49 74 47 10 5 87 29 16 27 47
14 83 38 31 67 39 87 12 44 97
1 20 31 51 90 37 33 60 51 72
74 65 18 49 50 60 54 75 35 16
6 83 67 68 82 6 50 81 52 21
85 12 31 99 66 16 16 62 37 97
35 31 1 42 38 32 34 61 91 32
51 22 42 58 74 7 47 28 31 17
47 55 17 44 94 23 51 49 18 38
68 28 72 3 71 75 70 32 20 28
30 15 71 29 34 40 63 8 45 38
15 17 23 17 93 79 74 17 59 40
64 76 68 12 21 74 72 18 59 65
4 49 26 87 30 81 62 82 42 24
77 34 85 16 93 79 51 78 38 23
85 1 21 7 93 63 81 37 28 35
22 84 63 83 42 20 85 31 35 11
14 78 16 40 1 49 35 69 94 86
74 21 70 38 98 78 73 94 96 20
52 3 20 23 74 35 73 20 63 70
70 63 39 88 63 99 4 3 26 66
31 19 50 22 51 37 20 87 66 52
55 80 13 5 93 29 45 4 46 19
15 24 68 21 44 61 66 78 29 61
8 88 64 95 50 27 45 69 82 63
35 71 81 72 26 42 49 13 77 5
31 90 21 71 68 83 19 31 29 64
60 33 55 67 42 99 46 52 43 96
97 58 89 66 54 38 71 29 57 90
25 78 77 21 34 77 35 62 46 64
91 86 27 31 34 93 92 41 57 55
81 88 74 98 26 94 75 98 70 95
95 74 8 66 98 30 92 29 69 76
100 99 6 76 53 88 4 92 56 73
28 50 63 76 26 90 28 86 93 23
84 24 100 73 39 67 50 15 39 28
17 22 72 94 100 52 11 8 97 8
72 3 73 71 35 4 42 18 34 53
98 66 6 5 27 23 1 23 84 50
53 91 96 45 41 41 16 19 14 41
46 53 48 93 84 6 62 9 68 58
89 23 76 96 46 73 68 80 31 10
27 36 70 7 79 63 55 23 68 79
95 13 16 2 48 91 13 54 61 64
78 80 63 90 85 18 62 31 42 44
20 13 88 16 77 62 9 31 40 51
72 22 53 3 93 4 70 82 94 41
79 94 6 70 73 81 88 86 82 68
9 87 45 13 99 36 87 55 5 30
58 19 65 11 54 63 48 14 8 74
71 86 19 76 26 68 79 49 52 55
98 45 97 11 86 14 49 11 42 52
10 49 45 38 61 26 64 76 24 7
61 15 52 59 91 21 98 44 22 18
73 65 81 12 86 66 38 57 49 8
63 19 25 65 97 81 99 99 81 73
27 14 27 79 59 69 56 25 72 38
99 13 36 98 99 63 10 85 16 37
55 15 48 50 53 33 25 82 83 55
25 65 2 30 63 6 2 33 89 17
20 96 71 38 88 84 17 100 29 1
28 41 78 73 96 39 73 48 80 64
70 44 34 22 5 38 5 25 37 35
92 85 50 60 83 95 34 31 93 98
34 5 55 83 66 46 88 7 76 26
59 17 18 81 62 33 61 11 86 67
99 53 51 65 26 50 48 92 22 48
11 54 82 51 71 35 29 80 56 14
58 27 23 9 55 28 96 80 51 94
75 40 84 62 26 10 77 9 75 79
70 61 16 61 3 4 32 3 33 84
84 48 49 64 87 41 8 20 47 29
28 100 40 5 25 49 76 37 13 86
75 52 12 5 2 82 55 27 78 52
92 17 25 84 95 45 36 2 71 64
43 57 66 58 80 73 78 68 9 93
27 91 15 13 55 56 87 24 38 93
5 52 1 91 91 45 1 45 70 5
72 54 79 17 99 20 45 63 15 86
23 55 72 29 60 89 94 80 78 56
35 16 81 30 83 37 61 55 71 73
25 19 11 74 27 70 51 51 43 81
66 85 5 84 91 62 20 21 69 47
39 81 67 85 41 92 28 80 88 55
75 51 36 78 96 85 72 87 42 71
92 31 1 2 96 79 54 50 49 53
16 29 29 100 89 62 100 48 76 17
90 79 15 92 17 6 2 22 13 79
34 85 47 28 33 34 83 78 67 9
88 77 70 99 27 62 19 87 88 27
5 90 25 35 21 38 18 92 96 83
39 9 62 87 53 34 12 64 67 49
54 87 46 84 79 41 73 17 64 7
87 91 65 15 27 45 10 41 57 65
18 31 87 84 1 75 39 72 62 93
92 12 54 19 33 56 25 31 15 42
56 43 100 38 53 4 37 26 25 31
41 47 50 7 94 37 57 50 87 39
51 33 43 7 40 72 2 98 38 7
26 98 76 59 19 89 82 79 79 22
55 17 25 82 27 35 68 49 42 75
77 56 32 40 93 79 1 93 82 54
81 73 77 81 36 6 64 41 97 37
75 80 71 18 83 83 77 38 89 31
71 96 11 84 33 68 88 97 75 42
2 80 30 62 62 62 88 80 22 85
55 88 72 10 77 79 93 75 36 46
93 80 71 38 64 73 25 6 90 55
1 75 11 55 63 9 56 1 29 100
33 25 66 18 2 42 8 17 90 47
37 7 4 19 50 70 57 98 14 42
15 28 4 32 62 93 25 19 82 25
63 36 81 3 50 63 76 28 38 66
46 36 99 2 37 35 23 9 14 19
9 53 74 25 73 16 76 21 71 82
67 31 64 33 37 52 24 85 20 46
73 68 21 28 18 83 89 78 9 53
61 42 14 86 17 7 87 15 10 19
63 17 92 34 10 67 57 73 3 39
62 58 14 1 69 73 60 24 59 64
11 33 13 46 13 59 91 35 62 39
6 78 77 86 52 86 60 67 64 5
70 85 97 35 62 57 68 72 87 64
100 85 84 34 22 76 76 97 65 79
56 89 44 77 76 29 10 92 42 33
91 72 28 95 82 28 88 21 66 88
58 79 2 95 97 8 2 4 56 75
98 98 2 90 68 91 13 22 64 88
33 49 36 19 44 23 52 31 18 8
98 46 84 22 4 25 66 72 45 65
54 20 94 62 42 26 76 100 89 4
47 13 50 54 26 79 82 6 88 69
62 12 5 11 39 9 21 62 84 15
84 77 37 53 45 76 35 9 52 23
77 75 82 17 97 34 48 91 2 81
91 42 57 6 36 18 66 31 50 40
81 82 4 76 83 73 18 18 82 62
91 59 29 54 100 36 87 34 62 14
87 62 4 41 5 41 12 58 64 79
25 18 69 6 73 28 46 23 23 12
25 10 29 73 42 8 74 41 84 34
81 19 38 99 5 75 26 14 51 26
39 96 39 67 39 27 78 89 76 36
21 99 86 25 96 36 70 10 22 71
91 24 24 65 35 52 81 77 86 86
39 74 76 93 89 32 60 45 86 39
31 81 51 35 6 92 50 23 97 56
79 3 98 41 87 16 12 44 35 18
90 67 85 35 63 13 99 19 34 1
7 36 61 83 83 62 86 100 32 59
48 90 71 4 36 78 26 79 76 30
21 59 88 20 42 60 80 41 26 3
52 29 51 43 58 64 1 21 53 65
81 33 13 93 23 39 22 57 63 88
77 11 72 89 97 53 6 41 43 30
22 90 96 80 6 67 24 55 77 33
15 74 8 6 66 81 57 64 76 56
31 71 10 42 40 95 68 58 13 64
93 18 13 24 74 52 64 10 10 35
83 42 21 86 77 41 95 40 95 26
95 66 56 27 59 49 64 51 65 72
54 46 54 50 12 52 24 97 87 37
6 23 47 56 11 29 61 59 6 99
9 55 100 15 21 1 40 9 24 7
18 88 63 29 5 55 73 30 54 27
86 24 1 87 88 69 59 52 69 74
97 50 78 76 55 87 1 59 5 91
38 56 62 79 22 66 94 16 55 86
73 74 31 57 32 43 1 40 65 36
95 1 38 81 85 1 36 72 17 26
75 75 85 73 97 42 63 3 47 44
63 60 91 38 49 73 84 64 98 84
37 95 17 17 92 35 60 63 87 20
54 9 66 72 47 18 77 68 34 68
62 93 68 47 21 31 35 1 7 53
90 98 94 56 61 61 100 28 97 64
